



[0.8568782991539912, 0.8837758839253521, 0.8839124656549014, 0.9071719532822448, 0.5726380432312923, 8283.192037726854, 0.5388883422907835]

[0.9408881956798635, 0.9344878981073561, 0.9345663276092028, 0.9620227549203099, 0.4789594483767615, 13270.492738398725, 0.6140872687434845]

[0.5180173617962476, 0.7375851194081969, 0.7378732899124152, 0.6699964467557393, 0.5623384224525917, 15638.180113095435, 0.5725407454979197]

[0.5710590539133332, 0.7807600658562848, 0.7810032683248503, 0.7093860256467173, 0.6104116528426939, 11723.06525092912, 0.5299754102726912]

[0.7733254177141354, 0.8561643485912868, 0.8563307264687704, 0.8513667182108634, 0.5868512554999283, 10388.10691857513, 0.5620025474498912]